0.000000  
0.008614  
0.017227  
0.025841  
0.034454  
0.043066  
0.051679  
0.060291  
0.068902  
0.077512  
0.086122  
0.094731  
0.103339  
0.111945  
0.120551  
0.129155  
0.137758  
0.146360  
0.154960  
0.163558  
0.172155  
0.180750  
0.189343  
0.197934  
0.206523  
0.215109  
0.223694  
0.232276  
0.240855  
0.249432  
0.258006  
0.266577  
0.275145  
0.283710  
0.292272  
0.300830  
0.309385  
0.317937  
0.326484  
0.335028  
0.343568  
0.352104  
0.360636  
0.369163  
0.377685  
0.386207  
0.394692  
0.403389  
0.410775  
0.434020  
0.000060  
-0.434026  
-0.410776  
-0.403391  
-0.394693  
-0.386209  
-0.377686  
-0.369165  
-0.360637  
-0.352106  
-0.343570  
-0.335030  
-0.326486  
-0.317938  
-0.309387  
-0.300832  
-0.292273  
-0.283711  
-0.275146  
-0.266578  
-0.258007  
-0.249433  
-0.240856  
-0.232277  
-0.223695  
-0.215111  
-0.206524  
-0.197935  
-0.189344  
-0.180751  
-0.172156  
-0.163560  
-0.154961  
-0.146361  
-0.137760  
-0.129157  
-0.120552  
-0.111946  
-0.103340  
-0.094732  
-0.086123  
-0.077513  
-0.068903  
-0.060291  
-0.051679  
-0.043067  
-0.034454  
-0.025841  
-0.017227  
-0.008614  
0.000000  
