0.000000  
0.003150  
0.006299  
0.009449  
0.012598  
0.015748  
0.018897  
0.022047  
0.025196  
0.028346  
0.031496  
0.034645  
0.037795  
0.040944  
0.044093  
0.047243  
0.050392  
0.053542  
0.056691  
0.059840  
0.062990  
0.066139  
0.069288  
0.072438  
0.075587  
0.078736  
0.081885  
0.085034  
0.088183  
0.091332  
0.094481  
0.097630  
0.100779  
0.103928  
0.107077  
0.110226  
0.113374  
0.116523  
0.119672  
0.122820  
0.125969  
0.129117  
0.132265  
0.135410  
0.138542  
0.141610  
0.144350  
0.144596  
0.137252  
0.100995  
0.000003  
-0.100992  
-0.137251  
-0.144597  
-0.144350  
-0.141611  
-0.138543  
-0.135410  
-0.132265  
-0.129117  
-0.125969  
-0.122821  
-0.119672  
-0.116523  
-0.113375  
-0.110226  
-0.107077  
-0.103928  
-0.100779  
-0.097630  
-0.094482  
-0.091333  
-0.088184  
-0.085034  
-0.081885  
-0.078736  
-0.075587  
-0.072438  
-0.069289  
-0.066139  
-0.062990  
-0.059841  
-0.056691  
-0.053542  
-0.050392  
-0.047243  
-0.044094  
-0.040944  
-0.037795  
-0.034645  
-0.031496  
-0.028346  
-0.025197  
-0.022047  
-0.018897  
-0.015748  
-0.012598  
-0.009449  
-0.006299  
-0.003150  
0.000000  
