0.000000  
0.000000  
0.000000  
0.000000  
0.000000  
0.000000  
0.000000  
0.000000  
0.000000  
0.000000  
0.000000  
0.000000  
0.000000  
0.000000  
0.000000  
0.000000  
0.000000  
0.000000  
0.000000  
0.000000  
0.000000  
0.000000  
0.000000  
0.000000  
0.000000  
0.000000  
0.000000  
0.000000  
0.000000  
0.000000  
0.000000  
0.000000  
0.000000  
0.000000  
0.000000  
0.000000  
0.000000  
0.000000  
0.000000  
0.000000  
0.000000  
0.000000  
0.000000  
0.000000  
0.000000  
0.000000  
0.000000  
0.000000  
0.000000  
0.000000  
0.000000  
0.000000  
0.000000  
0.000000  
0.000000  
0.000000  
0.000000  
0.000000  
0.000000  
0.000000  
0.000000  
0.000000  
0.000000  
0.000000  
0.000000  
0.000000  
0.000000  
0.000000  
0.000000  
0.000000  
0.000000  
0.000000  
0.000000  
0.000000  
0.000000  
0.000000  
0.000000  
0.000000  
0.000000  
0.000000  
0.000000  
0.000000  
0.000000  
0.000000  
0.000000  
0.000000  
0.000000  
0.000000  
0.000000  
0.000000  
0.000000  
0.000000  
0.000000  
0.000000  
0.000000  
0.000000  
0.000000  
0.000000  
0.000000  
0.000000  
0.000000  
0.000000  
0.000000  
0.000000  
0.000000  
0.000000  
0.000000  
0.000000  
0.000000  
0.000000  
0.000000  
0.000000  
0.000000  
0.000000  
0.000000  
0.000000  
0.000000  
0.000000  
0.000000  
0.000000  
0.000000  
0.000000  
0.000000  
0.000000  
0.000000  
0.000000  
0.000000  
0.000000  
0.000000  
0.000000  
0.000000  
0.000000  
0.000000  
0.000000  
0.000000  
0.000000  
0.000000  
0.000000  
0.000000  
0.000000  
0.000000  
0.000000  
0.000000  
0.000000  
0.000000  
0.000000  
0.000000  
0.000000  
0.000000  
0.000000  
0.000000  
0.000000  
0.000000  
0.000000  
0.000000  
0.000000  
0.000000  
0.000000  
0.000000  
0.000000  
0.000000  
0.000000  
0.000000  
0.000000  
0.000000  
0.000000  
0.000000  
0.000000  
0.000000  
0.000000  
0.000000  
0.000000  
0.000000  
0.000000  
0.000000  
0.000000  
0.000000  
0.000000  
0.000000  
0.000000  
0.000000  
0.000000  
0.000000  
0.000000  
0.000000  
0.000000  
0.000000  
0.000000  
0.000000  
0.000000  
0.000000  
0.000000  
0.000000  
0.000000  
0.000000  
0.000000  
0.000000  
0.000000  
0.000000  
0.000000  
0.000001  
0.000001  
0.000002  
0.000004  
0.000008  
0.000016  
0.000030  
0.000057  
0.000104  
0.000190  
0.000340  
0.000603  
0.001056  
0.001823  
0.003109  
0.005234  
0.008697  
0.014263  
0.023088  
0.036881  
0.058136  
0.090414  
0.138682  
0.209557  
0.310633  
0.444916  
0.590355  
0.687082  
0.716453  
0.719835  
0.719314  
0.715554  
0.703926  
0.677978  
0.629708  
0.550296  
0.432631  
0.280376  
0.128862  
0.036867  
0.007379  
0.001469  
0.000500  
0.000372  
0.000367  
0.000382  
0.000451  
0.000635  
0.001030  
0.001793  
0.003167  
0.005542  
0.009528  
0.016058  
0.026534  
0.042997  
0.068343  
0.106550  
0.162889  
0.244013  
0.357509  
0.509132  
0.691807  
0.862623  
0.959991  
0.989514  
0.995052  
0.995767  
0.995781  
0.995625  
0.995012  
0.993462  
0.990271  
0.984417  
0.974442  
0.958274  
0.933022  
0.894753  
0.838274  
0.757056  
0.643677  
0.492525  
0.310442  
0.139082  
0.039562  
0.008373  
0.002140  
0.001141  
0.001027  
0.001031  
0.001086  
0.001277  
0.001739  
0.002675  
0.004384  
0.007316  
0.012140  
0.019844  
0.031873  
0.050302  
0.078065  
0.119228  
0.179254  
0.264976  
0.382656  
0.527993  
0.662472  
0.731524  
0.747568  
0.748951  
0.748308  
0.744758  
0.734597  
0.712743  
0.672771  
0.607187  
0.508438  
0.372926  
0.214480  
0.082344  
0.019939  
0.003787  
0.000819  
0.000348  
0.000291  
0.000291  
0.000307  
0.000369  
0.000527  
0.000856  
0.001480  
0.002592  
0.004498  
0.007672  
0.012845  
0.021108  
0.034063  
0.053999  
0.084112  
0.128744  
0.193605  
0.285813  
0.412893  
0.577188  
0.757066  
0.890596  
0.943137  
0.953781  
0.954862  
0.954688  
0.953449  
0.949614  
0.940978  
0.924591  
0.896643  
0.852345  
0.785840  
0.690322  
0.559224  
0.391828  
0.210574  
0.074357  
0.016981  
0.003089  
0.000529  
0.000090  
0.000015  
0.000003  
0.000000  
0.000000  
0.000000  
0.000000  
0.000000  
0.000000  
0.000000  
0.000000  
0.000000  
0.000000  
0.000000  
0.000000  
0.000000  
0.000000  
0.000000  
0.000000  
0.000000  
0.000000  
0.000000  
0.000000  
0.000000  
0.000000  
0.000000  
0.000000  
0.000000  
0.000000  
0.000000  
0.000000  
0.000000  
0.000000  
0.000000  
0.000000  
0.000000  
